$ANSIBLE_VAULT;1.1;AES256
30313430613463633439396661383334663666643439303837663336393762393936336666373734
3832343534356363363631316632393939336535623530300a346263386336643030386164363863
64363739623837643737666464656338383863356661356534353237636266323933353130616265
3131386136623435320a373037663162393261623961363938313963373134306566633032346662
30663932323562623965306336333963326135623765333661366265616232323762363036643139
30316363643965356337373264613534363539636331346462613663363066663534383037333239
66313161656638383565633331323965333832353036396335646633386231356135383539363564
30613966323138613435363236393539666137393164366263656461663162353137396335613830
31353930623666306331306366376162366663383066353633666533633134356366376263343764
66346636646530306331376433363933383666303265306264666666393730356137313833393136
32303565333865323362386462396564613835386665306237313361356461333065343034363963
61633935323838336465386639656362313631656563346337656366373730616362346166646235
63353735396263353330333465363664666533363065386165363661336539656463646431316133
39363338396165333534363137613938633637333137626539346364666235623635336134653365
36636131313661663531663834326332393530343531653439306266333533396538373236626564
31356362313664613663386238393631303937353663326433303736333462393362623431643162
31663235663236616636323466663235616433366364313465303065356363636131623363646432
65393033356163393831356263313663366332366564663462303132643632623238616339346139
30326134383264626136383665336162346136653735373932353264346235316235653639636631
33343539666262306365326463363663326331383861636630306132303634313265373132346666
61633232303563633239616661313365623234363535643933376334636437363537636364636134
36663661343130306432343666323362623739636562353464623065303335386335663037636166
64356361356630663831376461366666636634396131373264396365323063363764393739366337
37373563303864333435383230616436303337383166613739333761613831653239656536643839
36363530366638343133613739623861303933323964653931653032366136613362626262653034
39646363343637643665363365376466343038323137333261313838616461653833656566336431
35386538393966363631636338333666323536666338393139653836643435653333386661353366
64383334333034323030383330373166626135366338623534623364393362623637363163646237
66396238346562383233323038323833376137656630613631353863393061343535376139623165
30663735373731306364643966356632333933323764613661656631626130333564643032323961
37663538306432343930336339616532396535623937393731643438363039396362623830316337
64363839633539633435393066613163313634303334393961353934613835313961623633303864
63643235343933316534663961373335306166336165393638303638653638646166303638323363
62613963326434643763353464616333303164386164346364333361623532393832363139363466
34343466643131303436383163386538326138376138396662633132653530373134326533333361
30353363356338313061353230623537663731376631663865376535613337373034313266386539
31323137613435616232326335366261323965363137633034323839373961353735633031366464
38393866376663366431383661616432343734643437383834663464356131346162633565346336
62623965306566626238303437346133353965633331633130363363306563333866383865333163
33363036623038383965313134646132373938323333333232386164346435336638336238336137
38396631643538666631303365316463393061633139373532626638323465396163666433333635
39653231643135613332643364356435363134363731373762393764646265323564656130326466
34306335373635336338333763326166353331393830343033366638363837343237326664353065
31353131343863313762326537646238313462313939386662623239373831343738396130313265
38363665333463336235376336376662613537356565653433383034373636323430343364346233
64386361326231326363383639376130303433383061316433613162653236313935333464336531
36643137333235363330383166303233323734636561336239333864306564396461376434653731
62636538643837616130616166313034333637323032363637623538333965373139303837623964
31376537303338303331633135636632366438386430626466336639643161366464343331333838
33333831353235343463396666313430643036323236663031323665313536653532313166396231
35633330393032326339353634393138303235333234646636383662393166636565343436623132
39646666373739656239376639346139353330623938343031396534343332303933306232366132
32643433623532396132623766393636613633363963663030346363646166306234313137303837
31363962343237666530343663613834363663393438386465323539616535383135356434373564
36613361366631613139613030396531633362656138336363393163633937363532363135336639
38613031313636656632643765383635333363636332643638336138393334316530313465623637
33323934346264383834386366356662306465313561303436393262663432616235636161633962
34646535306430646262376263653033663639353739653732373038646163663632303232646263
62616265386333623363333436316234633436616434643133666434656438633364613737323465
34343436313838623336656537346138313866373766353566306463353865376166663137396566
65303965323135616431633734643432393865386264373039326566376535323132333964393538
36633236303566303035363630643635636164333437663035616330333539383539643639653363
37396237346134383766383563633633663061613937313039663038353966326364656138333365
31643162623562646633656532393133333435323365376634313136626532663035333338343835
61363435396330656138613632316633373765316462313932323539663961646366383664373132
61363630613538373364346161393566326566663639316365386666376633343662316339363636
31336164363631616161306430306133613939666130316434306662663635356137393438653361
30326161303161633263336465303339323238353530666339653438386361623331376366323236
39666666336332313665373637396166646131363033323663636236663536626333373162666637
36356661383166636431656165643137323663323937623861633764653130633766343233623437
32663235633339636363323039613739383964623264313731353932333565383136313930313930
30316638333366393034363439623964343833333334333766316139363566623936363430663533
34343736366534303137633132353137663862626438373162313134363632343038323331616230
66393232373338656561393935386562363533653633333030383734343731343535386531656439
64666164373966623565316637333663643932313430643937346339663530626534363263386636
64303032326339613166343537376631323038333639383963613330353464306632656461396461
38643534656639633033616330613735636136343564646366633465313635396562643666326563
30363564333631633736646636346166633564616637313763363833343265356538366538323434
62333439633433333935643930613661633734346435353663633231336233663466393136306232
38303963633132376364323830396161396261613163623366323335333536653864646265623562
36393233393663393330306166653335303834373237623034663035643830393866653865333661
34313837393738333763376336333437303233623365313266303535656561626338363332356430
66353261626135396536343764653364396435356165343038363864623366616263306131663330
35373931643636663161366330326565366364633836353932323730336166646239646233636664
61643537363664626639323234316535303661306561326232363961346462343565663862653737
30316264333130306261363538303230316164323131613635656366633135343164613833363639
34363836306530666631336538346662303266316661613665613339623032333831663133353062
62613832633262653937343733643836623630623435336330623138653865653935336263316535
33653931353135393536623232323762323038393038313233326665653935376231646431393931
39353538663339376336393533316137396262326130333663623937636366663566636433643164
39366332623466613036633235323734373438383932353564366533626166336566653465376363
64323230306266393464616166313065343338363337346561623330343965663637306131333132
39653936316630656666353830393263643062313963636230396533616238343336626633353061
61313061343731636133643037656133343935653365343162353562636263343135323330366565
32393430313930313236623164333631626532663930636436363163353432363330356666376565
36333636646636363366316264643931363566613732613731373363366362626237336135303736
64343962643964613733363737623961306437343764326633313461633731656433306638303363
62346131373339333037313638386537363835303730393966626432633230316134356433623263
31663562613563313364666633663437633333623166306262373461643236313732366235643436
30353533383430623833643364376538316362623265336138363863633664386461663165633863
66646535353436663437616161636534653431636630653839666461326432356531623030363363
32356665303432336636323365653861623563373139613332393738333134343465616335666561
38396233393033646364366630356661363239343430366534373664613333386337636465323665
62353437303135306331643038616662326364643130656239313765393731383565663934643334
34636664356433383332613762633435353762663864613430323866633630363461643366653162
63663938386431343136343962653962356263373233393461643835636263376332393566643162
65623964313266373735316466386437646430353330663439333463613737666561323261383939
32306438366462323932333861363839626135336363616632326364643231616462336465326631
61396534376135396664333736336661623338363133626464616562663561303861633663663533
39376533356137643031653861653762396238663031353639396633306339393131363864376439
63623237653239383461613964346662626563376665316564343530363964623562643531656139
37363437616330353037313232353437306465663037303562356631353636336431356431353565
30633731383338333035623237666338373033303139363466636238613763366133666165386561
36373834623730663034346131633864353262313433636365323834366265396133666339656635
33633034616535653138396336623931383431373965383738663036303962633239306436613466
30393038363335323932623962383433343662316265623238663136303333323263646561333538
36393335396638396332303139396339353939306534653461386538333433356163633365633664
33663863396462663761663934393462326161666463663162643136626365383365326534383361
66393466396538613136616333633266366466653666633234383239396165366266343661383662
64626431346436623530616633373735363236346561646332613939666139346130353561366165
38613035666262343139323636303338316434326566633732666666376238363132353762353330
30303161633635663838343632313837653236663266646538613565616132613762373839613534
37363364646430353930393230313031623537626663643034333131356666333763623462343930
62303663323639343631333061356436346562353166643865353062666666346361313633316535
34646463633232353138366365373461393939613332353936336334373932656565313332363137
36396433303338333664353234306632623064323338363337663561653565626531316630653962
31336262646437333938303563636333636439313334303733333463666238346162383763633933
31666663616235663533323432373234633730616634316231663962623534376132323130386637
61646436663832663836376363373762623862393638343332633162333733393937323331306432
32386166633639356532333566633634393139346563646439383136656338333232383663363961
61353239623036613636656439663438343162616234626430653132303137396537363265613565
65653132643738326361396362643134393166333864343864666330343034393338383365373536
64613063376436613838363561363762626361376561353761653437393065656465626662316535
61393333623265346533646333396234373166373739383762373763303061303264373736343866
62636639333530326634333634653830373036363664656231333430636461633835633534613261
38353432653232343638336538313534643761623363643931653063396139636165653761303132
33623261303465353533653865366164393138353536643034346534663539343835313831336634
61353262393734623631616436333461343866353737663565663537333339616633343039383434
31663163663063396463333835386230626661656239326231333332666562356161646633663935
66343333633565626466646434366336626133316431636139363338323539363032623236363765
61666533343738626530616366383638376361343839343035353563356161636632666336663463
35333633623933363930666361313631646535373539343564303433323566336630353037623539
30386466393534313830623637386338363632363434363631323730343939363838336537626164
36326637623430653734376538613639616335303663393832363362616136363030646439326630
39323230366163323563393164663937393035633964333339666365303966333561666535613935
30353664393230663761373062393561613831323131306635626331333765373231343135343539
64343439653562336330633930336635396162386230663931376661656135336564306266383332
31613637636536336539376639313964396236353864376237393166346665393033653433306538
63356437383666613136613063613438373962396461316166633331613564663261316431363639
31623065616130623932323861646465383565616435353032303861356366386665656538663664
64636434636662376635643262643836393435643163613535623061323161623965323037626536
64363136336636333035303631333863363065613165323336316237646136356664656633366661
62666566386364373734363830326465376662626333333565643865386232636536616533386564
33656435343035623230373439333162643163636665326634313631336338663464343864303363
34386562346135383635366262336534376438366236343766363432666461616532613037643133
63656337346364633335623566346532386535353432636530653137613234346163616433386332
65366431656234616234643835353935393961656164656434636239396139303930393861366231
65663234396130386333656633323839333839643532336362303731383432343962313731386434
32366535353937353766313638623439656266326634383938363739363439636430623261356135
34306638376130393165613432623331383265663331363164313234393739393739363836653566
61363336646136383661303365376239393637666666393963656263346337316237666536333134
65336164353430313736303032633436396434346161613135393464353730663034626461353563
62616266323964636364383361373031643565616432646161373930646435633937613565383636
61396433336664353763363931643431656336633934336331383463663338643530653464623963
62323864386662366337373064393238633733633038363336646164373866646464376262626237
34636533623365663037373262303236343665323036306462623364333138333463663465343738
37303433306265373533636365656632343636346265653030363133653531613437613839386165
62623839633135306337373235313166633266363964383038376236623439373737646331386464
33643964616666346238623235343833643332393530613137396633366435356339386636383035
3861323030663161356564303637313436326530363138303735
