$ANSIBLE_VAULT;1.1;AES256
31623666653739613532373035626639633839346335653862646431633634393630653462646535
3132346235613832646162313738303137313865666665330a313465323137633163306633616639
39306437656261323264376337323233376330623437626462373137653139323935356463313532
3165623537343239310a366535373766333032386334383732333736383937366266343562613063
61353465346438613737653862343031383333316235616536636434643866336532613262626661
66303937303832386665323265656264663936343736363366373761643765666532393433356638
39333461336362356134343131386138303962653161666566393663626533303438653239643765
39386538623266636338316639386232633630623062616430643634393465333432306264396432
61336666643963393233313465623331623262313062383664323435666462323331363861386537
31306165636537323165643933343261343231303036356465346137666434373839306237353937
64346163383564303136653035393565303839343235393265303563303337316662633037623331
63636433363064643338316466343639623462643963393037333830643737393265643034656330
36656238306166363239363066653636313962636363393963613933303934653230623862656564
63636332386565323861346134306434363330663932383332363032313933663432313963666339
38643566393436346638366265376331373834613263303332303132613536383639343465313666
62623234636636383866346537343235663339393239373436623461336439636332613136666430
36643762343537326566643632336130633266643738313436656163353334333539323362333266
38313033623439393063353236613165343235373962393136323338363561663333636531316631
36323462313638316533343235623130623563623961643933323737663764383734666261623766
62626563666637323165653738353638313466366237613232346439653531626365366137303337
63383136346665306436633065633933333938393865643932396164636634386637633565633232
64333133326537396239373966303535303466396462326362343865353866343436343964643562
38326239316432323962323730343839386537623936313366313335333033373862623032313964
62396264623936613963303730323962663831336134646131356133396663643032653431396334
66663233333236633336326232646363363331383365623965363139653162633163306636376231
31663836353736386630663634633238306131333166313637363963666162323137316131383065
30373462396562666364643532353233353738636465373663333038623037303165313136386161
37316134393864643032653839653262323663313661303366326533396332613866626539316230
32306336386336393639316333626562666236623065393934663637336466623231363564666464
33633766306636366435353435306231326534303665393264326436336539356430643134626365
66313739343262393562343562393635366634396564306134386565356137366438383863303664
64353465326239386266383135383731336232316238626137646230386231663637303962303838
63303538366631653432386363653639306230376665343534666631316432333262383565393338
37643435376163373964623931386566393031623839383865363937316437626234626666383663
38643530336262376336646631613164623031666533616638363937626364393531353763363262
33303561666535346631646366363661613730336337643131353465396562623464643465666231
33613736353438356139633135313833333332613633643130653539653862616233613933376131
63343736656162316334613964363964383637613936623031316338356665666232613662646664
30663266633230653262353662633565363531356237656466623734353866383363623662326236
32333539306365616435656330323831626662393762633835643238323130326435646131323839
30356236343264363464633032646331303839363731333539666239653161353535623266386163
66363564663062383134396531663638623465313163663435656232626431623862393235636633
66636433616336343436353632346661643264656535316438623939306431366430333434373437
61366231643331643766343965333361383265623030383239353635343363383338356135643532
38633831393330336663663330616437643930616635663964666134386338643730326463643666
62343163316535633837336361626537323561353132323162363930326266636330366163646639
61623031653539373161643763643034383136363234656664636466653666303538316239346339
35636263333538656136646630653934323462383261616534323661346164343133363733663266
31383936323334313363376265346661663134356232623062373231396363353737633337616139
34643665356339343437336433636235626363646139653137623132623265383666386434333935
36653735353839376332326239656561376461623531656531623064393866656535336334343031
38633761633737326431316134316439653830623861303166356339326362396534656366316162
38656630633831666361616635623536396232313264396631383230353136643162626662333630
65663766623233303335323030346332373139613639373635373233353132663036356335363039
63636265363739363766303630643639373135626539643231663961626461316164386631343961
30336237386237633533333866633439646362626534643238316165323266633138373532333230
32613364643265323630623536646364616364353161636539353733326237623836636535393536
38336238386664316136393239653764353334313634643265396633346234666465623637363335
31376236396431383933343933626431393737643539333438306461666237663864356239646638
34653130366236613638306634313832373338313731643734333831333161646237336535336361
65386335336236386564663964363665643439313461333839346264343636346266326231323861
35346139643334386665653639356337303238396236626661646232363263633262343938303964
65306665623462386233386630363665663633623736366538613636363636626132326161626435
39333830316662623364373237666533653034646366313462323431333635333832646539636462
33666238643339663234363236653231396162343563643935666638393764653031616330323239
33366339303133643837366639613636363537326465326361306563623337613432616638323832
36363361316638386639326462306233383964616233343964363834356165363339623837343933
63666266366139303636663036613432343936346130313233386539323738623631393661376661
64363762663737363533656239363736663165336464663632626636383433393135393736623935
37636336656432356236333034636239353061313262626662653664373163656565623837383064
32633939343434633635373531303061313535313234393361323537643166666466303635646431
31376530316436626238663430306235666265336637336239633839333831373762393266613632
39363732313565373435393365346430333733633636353537663536383338393838633661636534
62316335343230396631313230383633646630353836626461333539363565623262343832336639
30633733323039633162306331363134343337663930316530396333613335313935333638653139
63333236343034653764393635656464356166383435613036373361623437613437616665363632
66633862626134383233393739623061613135313766656365393234323663653163623131303332
34356130393134353837383233346432313361303232333631663262386161353336393066323463
35383634356130323732636463393564396561303636366634626538333338373961643265653238
31653335616637656631633566323964616239623634636435353337326234303431653463383163
36393037356530396435313361633338396538653262383461323633386662353731383735636538
66353638323936393830613338303765363930336564663035663337306635623231656336316435
63363632363935636366303432323332303961623739323839333361386361623565313339626462
32666330653735333434323735626136353066333734356530653061343364616338346137356661
31366235663431333133643935336462633832653434653235653730346565376631386663663362
35333633336130623239313132303835643532663733643031623430363464373161653631336466
62363732663332373638633234303765393032336466643239373834623430353432333033396537
38363166653037616533633365613930353732353434303565366237323234636234363935366533
33633839303863343832613463313265633534646464343165306566663765666438303265396162
63333964396164356631366437363934323639616264316162623331323036343566376361316338
62636138396238313434323266663135386136343635343963343966323030316532633264336638
38363166633564363738623037363335626564616561616238373661633830316363633838313033
36626261613963336138383333393530303033366230643739666335376565303833636231316533
32663062616566633535393333656333623932303932386431353037653666303737653636663432
30643662396332383461376431396666346464393564323537633730656461386437333863633031
66323832356561323365616265643664386465356135393266666431653036623931643932313362
34663239666163356162343762346533636537393062663634333966306530316162386233616534
65356564616435323637303064386539666262383966643863643832376362376232623065373165
64396531646132376139663330323032323539336566383863663730393066666230393564366233
63653532623037326136616234626562353262383965643731363235383265626130393162373265
66633763656365373232626539613037326638336334303038333763306331376661346433316666
32666230353838373166393833616566323637353630316136356164643734396463383139656662
62353630323265363264366235613232643739313835383061373239303464396133333634383332
32333637626531663834366165333566333132346464353666303936356236616635363466323461
66323035306237373636393162383835343333366261373035393565336266343065323664306630
61386133373837623666663966373731303535373739393831656165613761666162393739626331
63646238303966623737333465306632323931656633663932343138643236393762663430373638
32646238613832303864646466316631366463323263343636393663366566376265313236316463
37623231386664376136313930663537653035383565636134393962623061356439653630313639
30393065653464393465336430393438663364356166626233633733623936363238366438343564
66633561336534643930663632346663343931613562323433643735343263306438336462323138
63353332646339346663353961373761646565636335346432666335363533343761653237316261
31346137326636613131303836393532343235336339353662396666363362306630353366313330
33353430343035623934663037373737656263323332613338613834363430636662353966323533
61366638383132656532383033323261646433613565373364303632366338393734653864333536
30633163373365346434313339376561323565626337383662393330623262646665303430616533
61346265353762383539626339393731336462636138386531333861616362653465343036636233
34303462356532336266636636636465633437373035613738373136393734643163353030366332
36613265373261653733663939323062346166346530656332346231303130336531383165343136
35636333643738333731313963326531656561323933326135373630343333376235663463313438
62303635613863316134353130373765363630393333653162313934396365653436633564376161
31393261396662643835663430343236613363386366333665613231373964366230366639353565
31326163326632353235633530323161333563363234653630633963373233643139366265353137
62633436353632386231653831663061613562656339376337393363633263316233326430653730
38616637393032633263336531623433323037613236343766336462363832653438313763626434
39303563376663376564656666633431346234396661306661653737653261653763393337316363
34343339633964313733393834343166326265336363313861646662313434316135363731336662
35316430626366303435336461313364316533373135346532633337346265623565353634346236
66313830323533626262666533303130353937363039663831316333616435306133316132616664
30326534393432666662333164633761393536376136316435336537303632313531653566636335
61333430373937323562376465666331323337373735303237393332656633366464376666613561
61376333626363386433643866613037623462366439613033353433303330393938656565393833
39353063373462626463333262653136646436326164346335356232343239646266383437356564
34633136353138303737663161633965333836343535616332363539613466343966303164623961
63306336636433623865363635656330323733613538616539663830343063366633323038343738
62353630663763633161336266376537633135613661363862623134363836363163373461623364
39623732356130623536396538656437366162373564373735653333613962633566373264303738
66356335613962303735663865653236613363386563316532653563376562346137303732336234
66303935393431383563656434303734666334383664376564313962326166343663653931383663
65383136323133363766353738336639323231613036373162656532613865396335633963653266
37643736353763353464366432366237396535626632626564373230303437393464393436613738
64643437393137636331386635323935613564646661366564373135613231346166366464656538
37396331623332363964376133653832326364363662656231326535663265383766393163333162
37363063316335356664633433313938646538303035323666366134663837626231393063323236
63633338333234326365646130303063636533366564616663346639616564643335393961663562
30393734383263353330386261656365616565343238376137306362323237366333353735316365
61353165363866363231663266323939333731306331356161386463653532313166303838336530
66663661626234396132363734663634623762383163663438343466376161353931663761363266
35313436393063383639353765643038386262623664396433353433623335616461613264663536
30383963376239366130613830366562313130623133316262303263306363646338373463333563
33653763333962653965393133646362616435353363643938616130313135643433666661363964
64636164643531623839376339393030653039366564396633333762663562613633303531326433
35623231666363646262356637316335313139623335326434376663373564316139356638363231
34333238323730663432343934343932316631326363313934326633383664373235326638613832
37333332336334386163323261396462653262613231313264303734643964343866643031666336
65323266396237613365343835373432363464323230376536663966666439343536653532323461
30616333656131376330383238343137633231616235366232613032626439323731613437343839
62326538313331643937373439386335666430653039316236653231356539653361643632656433
65626263336236313064383135363636343838336539316431346363326463636365646634613764
34373238633461623032623236373762616536666565343635333232373336333665623234393836
36343033306366646538383564326364613532653535666430646333316438316337613662333663
39323761656538323062373263343035646266633436343862353333616330353735383862653062
35386134656363363039613537333964306639323230626364316133623339353063653362633864
65323538363833306365366534323339626136326232643035633330623930333763663665656531
34303330643762346363613432643034663265346432623661663633303564613533666565626233
34616162616238626237343335623237643733393037363536313737343661316266636134303431
64313066333763623031323436346237643135383338613265333934363161613733656535613031
35303032373731616264623739303138646234653462383763316162666630363035313731346236
65613663343234346135326361626136346237363531356666616532376534313330393766376537
6636366530623936386131373733393036663866653264636165
